# Created by Octave 3.6.2, Fri Jan 02 15:44:07 2015 CST <martin@martin-bml>
# name: a
# type: matrix
# rows: 149
# columns: 24
 0 0 0 0 0 0 0 0 0 0 0 0 0 0 0 0 0 0 0 0 0 0 0 0
 Inf Inf Inf Inf Inf Inf Inf Inf Inf Inf Inf Inf Inf Inf Inf Inf Inf Inf Inf Inf Inf Inf Inf Inf
 21 21 21 21 21 21 21 21 21 21 21 21 21 21 21 21 21 21 21 21 21 21 21 21
 1120.796992198608 1079.968876736338 1085.53304903906 1062.558897378398 1116.752459994109 1057.111639844803 1074.594712758121 1106.384544420351 1053.626515256842 1098.637738899458 1054.654530997157 1071.096860774741 1156.50780662012 1116.364774319475 1089.866299480607 1086.170641404918 1107.666156452259 1036.741592552493 1050.437328834983 1044.703946561185 1078.472067671292 1075.98667127505 1052.926620721446 1059.654737925487
 21.38265111650396 20.7844975684714 21.0569611580513 21.29854252076034 21.08129714552834 21.01290430830507 20.83512102058437 21.11452985467946 20.64359429362141 18.77262419924108 20.92716316032354 20.7938261223788 21.02484840620411 20.76625799052786 20.47362409361979 20.63170059596158 20.75540697404958 20.68715651188716 20.50067119598147 20.76079130117646 20.57368930349601 20.54898482662017 20.50904977505611 20.4737238975389
 20.68118680314165 20.67699084449594 20.79210503919959 20.60226482457533 20.60753101672681 20.58043986973641 20.65979855599611 20.78754398101421 20.77759598896239 21.19542603876428 20.69196613198873 20.66160972778951 20.81542821665261 20.91199051890631 20.82553033212589 20.81113420722377 20.74001736127139 20.7108662198639 20.7725853368125 20.75436684787417 20.80319457612934 20.83797148430146 20.78693654865052 20.74191013186672
 20.84553094664947 20.93339879847408 20.92719106167607 20.83976652541306 20.88726663180718 20.87052514310216 20.8930904885226 20.90686434831363 20.95775505955119 21.36694865787913 20.89693490524744 20.91166971802447 20.91591222863946 20.99981842897237 21.00387568539897 20.97327941442619 20.92881965765776 20.93184860067134 20.96864475376757 20.93502081263195 20.9866771845703 20.99441066732862 20.98961919611774 20.98207599805548
 20.9660514971288 21.09200468398593 21.01931014904761 20.98766329812701 21.03077240920732 21.06244589877334 21.07355376637153 21.00190157204588 21.10304861241312 21.5100149096806 21.05622718166603 21.09470368796655 21.01293741856399 21.06181691997828 21.14649144790124 21.11674746860061 21.09651008438979 21.11507021512582 21.14234660246374 21.08121703434121 21.12616414964596 21.13455948031729 21.14927550937103 21.16759211750098
 21.03646497121959 21.2141801311392 21.07808215364807 21.09369832094553 21.15157635316273 21.18370419352916 21.21934144315907 21.06579082387324 21.21988376591265 21.63735329667368 21.16666475918204 21.22737150926909 21.0921738548028 21.1107984664801 21.24799501292179 21.20039299880587 21.19847282747899 21.23937401561657 21.2649424616617 21.18233716810126 21.22060901364555 21.20848764723585 21.24702035301164 21.27665511457837
 21.09720859229677 21.30866537747069 21.12876231043179 21.18841593256522 21.25009107143409 21.30057819246204 21.32931633989359 21.12619229931627 21.3088057094708 21.73480196045984 21.26799848132054 21.32150746112161 21.14093113025192 21.15249296946723 21.31843164285409 21.27642812141924 21.28930607230147 21.32746052219356 21.36848513896956 21.29431416849441 21.30184719948108 21.28770914355589 21.33365289006723 21.37715046323314
 21.11851040925014 21.36346276653459 21.15274128987057 21.22882157143555 21.30101921625288 21.35080787481519 21.40348225225926 21.16552993079337 21.3529884273499 21.7798629875791 21.31733944810753 21.38110375092727 21.16844371581505 21.17287414255187 21.36224725765659 21.31875147488176 21.33198496465878 21.3823167167706 21.43335133347843 21.32703886801696 21.34546486375928 21.33854802476763 21.38762023655108 21.42452812454729
 17.3479103003535 10.85194234762509 15.81686543361361 6.381912638221352 6.972210300119489 8.699157721041498 10.95205252179389 13.93161179670873 5.482111957092927 4.856536331836213 5.576097813705308 6.391084680903437 13.86286269637144 13.06348116572308 4.748304162594352 4.367995694169803 4.568155811166161 5.626946690541097 8.991950488047884 5.478040561767159 4.291589371480498 4.14678644535929 4.507767064564974 5.952455530091401
 8.045980435172925 3.666179131355919 5.753921372316612 2.272841424481868 2.487206388513563 3.107649297569554 4.367662547419782 4.797470140695279 2.369295157813689 2.188169373420796 2.582728246112187 2.710293650364212 5.928658320979062 4.870844216793747 2.305701298904101 2.287107056932865 2.285739911105726 2.797429525247614 4.985296787519779 2.957278753366229 2.338268610821541 2.366841341194699 2.513116798616895 3.224415237728802
 3.316463912234528 2.461823624195754 1.689861096771499 1.494407696043327 1.619844734150482 2.058921478035854 2.985098781578234 1.412579314783818 1.650457125739127 1.519709046574863 1.827034207230866 1.821742774738991 2.210269173821668 1.372600644113684 1.646662035467787 1.658104371669193 1.601149088891794 1.970111310124129 3.821522020042812 2.210893505584298 1.710596192094781 1.761982630179517 1.842049041263067 2.354262307037993
 1.145043068761023 1.918942797128471 0.2934909693559752 1.133751968097634 1.225505120004588 1.588622533855941 2.354036340160485 0.2932421663834857 1.286521234359558 1.18801429387585 1.460153746466408 1.405552037721336 0.624097171530782 0.08641852027383123 1.311234987131753 1.341104717858737 1.259972302927688 1.560372792123017 3.240827204458195 1.82106335095282 1.377515167825727 1.442865187438305 1.495996030028198 1.881004169599805
 0.2497778800566992 1.68998098321383 -0.1728147755000678 0.9362540914155737 1.000309846891719 1.240530208627106 2.195025092962275 -0.07279176611249175 1.099745406631195 0.979023209612627 1.225881447119869 1.1096247827247 -0.08291423093916413 -0.3770871659264867 1.076204893465609 1.118853349479983 0.9789070590185328 1.216410036566045 2.860441646137938 1.649265186858446 1.143926635976089 1.251736657935545 1.187947359884925 1.534706117534257
 -0.1507290743166214 1.500561631400667 -0.3576636329762973 0.8094086554804397 0.8520478498177905 1.043632136247507 1.995103388296504 -0.2111428194620383 0.9663677470729041 0.849213112074544 1.079756380167343 0.9290214301273295 -0.3882939743759843 -0.5573690390007505 0.9127303173090647 0.9719359819497095 0.8260649782047504 1.031333119445452 2.620498491270675 1.487840031380563 0.9944892245413055 1.096728605089266 1.018186127651504 1.319564406755681
 -0.3211909400013427 1.378571045790755 -0.4375417793125312 0.7342209137632506 0.7536172785184819 0.9086162863644401 1.855003100493986 -0.2678759852985722 0.8743968115254862 0.7624222987032212 0.9670481486404517 0.8042858588799661 -0.5155634820217986 -0.6348086881114797 0.8038178629222023 0.8890145538071056 0.7261164912375501 0.8956976244547391 2.459376182776898 1.372729757841692 0.8874739524761046 0.9777424954870406 0.8938129742021669 1.165906634241729
 -0.3967888351955037 1.274006902576375 -0.4877623627966508 0.6718414299081313 0.6845943744134474 0.8181117126034223 1.733867910018091 -0.3029389891013411 0.7993932398469709 0.6906647209391349 0.8818153185668501 0.7117790514950971 -0.583936617100877 -0.682692664094069 0.7168266172286571 0.7877180717655067 0.6351115781914787 0.8052602201582089 2.326475837476999 1.274868447070086 0.8022832900051031 0.8932764848212207 0.8027363079862423 1.044829767007139
 -0.4339486474874497 1.200616868718005 -0.5169694838016279 0.6248566943791924 0.6337591431832207 0.7469767402609827 1.640389178961233 -0.3269076859441078 0.7449978872049995 0.6403085239729672 0.8206899508343963 0.6425145761074483 -0.6246746944299333 -0.7098806945134727 0.6494812550407056 0.7248770502835247 0.5676186128266182 0.7254039404236183 2.23015889089847 1.204347710465093 0.7323391417564136 0.8287103450504896 0.7233400605472928 0.9616523770959626
